0 .164
1 .164
2 .164
3 .164
4 .164
5 .164
6 .164
7 .164
8 .164
9 .164
10 .164
11 .164
12 .164
13 .164
14 .164
15 .164
16 .164
17 .164
18 .164
19 .164
20 .164
21 .164
22 .164
23 .164
24 .164
25 .164
26 .164
27 .164
28 .164
29 .164
30 .164
31 .164
32 .164
33 .164
34 .164
35 .164
36 .164
37 .164
38 .164
39 .164
40 .164
41 .164
42 .164
43 .164
44 .164
45 .164
46 .164
47 36.471
48 74.605
49 74.694
50 74.694
51 74.733
52 74.734
53 74.734
54 74.734
55 74.734
56 74.734
57 74.734
58 74.734
59 74.734
60 74.734
